500
291 7671480
368 7525190
244 5941501
92 6035969
483 8290210
105 132454
347 767194
260 6820162
429 1893225
67 2855636
468 1625134
435 6966696
156 1380511
322 4441257
49 3139381
168 4412220
475 1521309
82 9257217
351 9288040
345 8405527
383 2300154
436 2901954
310 576230
149 6293953
271 549334
151 7157727
235 6500617
427 9636913
397 4436837
259 3286383
31 7637400
33 3429646
20 8029031
246 7483622
131 3367198
274 505986
359 948600
374 994203
252 9559013
26 7046546
75 5963906
465 7079144
337 5442607
398 7868674
141 3065130
424 6493970
362 8910955
261 3029807
460 4552952
65 6149235
126 4105756
355 9490240
439 9750346
12 6201132
264 6621355
109 5386825
333 8861094
9 4167253
243 5470696
410 8045416
45 4569176
108 4547623
428 1003161
329 6406539
292 8724203
486 1747354
267 582721
190 2115731
123 282575
7 5682963
296 7338821
455 5156746
120 3056594
431 5304028
257 3505242
402 8737036
218 9328924
76 5249792
389 2543863
305 5228875
193 8168197
290 9597438
165 7812100
143 4714641
489 9720684
155 2426579
251 7096274
214 2733995
173 3117437
72 2708627
107 3540268
64 7819771
420 4580650
22 5515073
369 8799171
111 6460800
459 3495662
247 7384528
265 4111414
94 2000154
254 5381462
487 7701984
493 9807449
70 8388844
357 1402372
417 5781105
266 5941030
229 4984578
419 9959592
273 9030367
449 3813048
86 251503
96 357925
457 7072235
318 9235225
497 6814522
221 6172407
284 1075692
224 9609244
174 8256557
492 6718149
276 6934185
241 5891704
188 9652661
30 5459200
403 4876378
278 8059976
311 9538592
43 6210869
480 2661310
163 5810019
205 5286945
138 1630967
354 870703
488 2968803
365 6556796
125 6720671
323 317744
407 2703808
434 5685245
122 7528492
233 3962540
63 4813162
391 4791839
282 7105287
312 3320826
87 7985647
279 2261003
171 9856384
463 1698748
319 4905019
353 3207182
309 120048
375 8495274
437 1310804
21 5721634
325 6277407
473 9451982
89 4420354
479 5012302
209 753231
498 1244926
496 6210498
225 9825973
450 723884
130 9669659
474 3365765
133 654284
44 3748874
393 8082208
23 690014
100 9261811
285 9865189
228 2921886
303 5868200
52 3685325
191 1774462
8 3791972
478 1446330
201 5823315
222 7211722
349 4999982
154 2489022
441 4453890
208 3591386
85 2130856
453 5427348
277 6558514
182 4150635
181 4393381
406 1551128
458 440077
320 2298992
272 9693062
192 3082273
11 3489171
71 4936300
382 6247991
148 6546389
482 1683727
84 4220160
371 6795276
490 2090072
230 370291
297 3875882
220 3768382
394 7806819
178 6346333
332 8740116
346 7619441
373 1867974
164 1918428
344 9765777
249 7108254
433 7367563
200 5594054
60 3420044
41 5552079
432 9622828
157 9478336
256 3052375
83 7390137
37 5571722
51 4357842
106 8077670
308 6737591
144 1279410
187 4131736
238 9292699
444 8292939
321 4051024
196 7555898
93 5268359
280 2058591
401 6577741
472 4546006
28 2302469
211 4822466
90 6261673
360 4096042
197 7831032
13 3669065
442 5415279
152 6029936
485 5387197
57 996750
245 4540699
158 839314
162 9253270
446 7498548
239 764313
301 9028188
56 7969992
340 9181317
210 9295992
336 8032950
464 2597863
95 9900656
370 3163738
250 1957558
38 5455750
421 1042935
253 7638332
167 9804082
146 2466696
194 267484
306 84801
195 2466261
385 7827683
223 1422733
35 2642837
160 5975643
384 6017730
269 6268989
42 260020
476 6717656
378 9471755
500 3005615
177 2638488
413 2320462
17 614271
275 881583
236 2106127
422 5536814
300 3751298
470 2334475
307 6608018
78 6542485
61 4786537
408 8211675
104 9308099
316 5798900
97 8942705
34 3867503
145 452143
15 9970186
185 5000701
294 4267320
330 233637
331 4105559
361 3585624
399 3317733
471 9617104
202 9462204
438 1574249
418 4272599
140 6568579
16 2293857
467 477879
317 9429030
451 9200248
161 7488250
334 9435484
81 9311700
172 6810405
358 4265354
425 668832
462 1558951
215 6086771
350 5370018
128 1628673
36 5468735
341 2804292
263 7625822
40 3457430
234 8767167
132 7127807
400 1811330
79 7053810
139 8588369
298 2785153
98 1482865
112 5948441
423 6621561
6 3572729
255 1970121
137 5950616
102 7479005
32 5520589
116 4710613
232 6364106
445 3494899
387 6504376
124 1500250
356 9083091
415 7678981
270 7529011
27 9516759
405 4139196
287 8995577
484 8027372
55 492987
494 4376254
142 172065
99 7034365
121 1397003
39 7218331
396 4808307
461 6827523
495 8943397
231 5692741
5 3211624
203 1752735
481 7855248
380 4290317
184 4748726
3 713582
150 7966733
328 3407760
409 7906392
372 2390737
411 2212915
88 1021873
68 9154000
289 4464634
440 201686
180 1915744
129 4714983
469 347092
207 4107014
1 9538871
136 4251600
46 5303721
258 2383455
226 9761881
466 253778
412 1211914
293 6896677
198 6755075
443 5374683
299 7417354
47 5149278
69 3024519
176 7604931
268 3062907
189 9203
18 234449
216 8194779
59 8475049
186 1942254
364 4256644
53 9490202
74 6924621
395 5581295
304 5128372
240 2201191
66 7528837
113 2922537
381 4207335
14 5920934
166 5198317
118 4191582
101 3276618
456 1826195
335 9520163
414 6387824
430 2225211
338 4292864
50 2346041
179 8738677
169 6823781
388 1082725
4 544643
452 8564380
80 7934464
392 5424118
212 8206358
366 923494
491 32896
29 6884496
377 1406074
2 8178905
367 1312416
281 7645885
204 2673656
25 3860381
199 5578213
326 5002264
217 5261525
313 8471426
262 4276375
24 647328
54 9634500
314 799260
343 1343201
77 3129549
327 6343527
127 2880681
134 9873939
339 1101284
352 6606497
103 7091650
19 7462008
286 3143841
447 2771820
324 4750161
153 1520065
115 8843679
58 8608793
454 5468740
73 5106708
213 3282908
114 5181260
386 3084189
91 4204085
348 4489972
315 1571135
147 5209973
288 4686959
295 7948344
342 3548604
219 2235362
248 2983733
477 962239
110 2880284
170 5482374
10 3206028
62 3972875
390 4898592
206 146058
363 9231817
48 6493474
448 9961659
426 3583933
379 7877692
376 7382026
117 1570317
499 8275163
175 8765603
237 7684380
135 8745127
302 6164937
119 125335
183 8803019
159 6158133
227 6519909
283 7131959
404 985843
242 8411943
416 3241568